$ANSIBLE_VAULT;1.1;AES256
36666137653738643131306435313536393035343165623966346563343937303831663934353236
6566633932326364643136653564383232636265393762340a636232663364356662393063393463
66623462646138616234373230623538616663336362386332386664666634643433653731393163
3735343437306663380a613861646639646236396661356663363232336361663039623533373463
63343837366239376633363836646336653863323230613239353566353530393865343831613638
38333161653262326431306435326363633636303966343736616264393035346133383236666164
63656439636262633535336238373430333934356234373030626332323234616536633434306539
30343762306466393133656135366635313233363032363132333730613464333636363763656161
65356165353462653333633733393534323333333035306236363434343665626234313836373562
30356461353236353861333761356634333039306666306531383766373062626134386263313331
65386163383365663239336162646261316535636337373739663130363165303235386636346637
39353133326538333962383332383062376132386230333139396335326235656339613764396637
34343938353731633430623165623162386638303661313861663561373163613862666139633366
61316331363363333339396434333537633937356162303038646565363131303034363437326234
62313166326131363236346564616561323035633734663266643435326333383630373732333761
36653439366366643765613664396536313132386331393633666366373839623630336530346537
30623437336539376538313137623038376134313739356136333336313939623864613563306631
62353933646434393938363638316261633833383936396234346133383861646631656334366136
62666433363635383437636630383961373537303965623965336564313331356438396630643438
62623430626636333763613131303330323761643963626337343666636133303331333066656438
38373235373135626438343735306633333865386363643634363031376331323862
