$ANSIBLE_VAULT;1.1;AES256
38393062643466323535373462313838326439643531616432616465323532616361643536623635
6264376130643834326639666361396237386237376431380a323865323236386664626562643633
39653833396135663833333637383665306337353961323334613561346439356438313931633465
3238613663643036310a663264666231353137646462333638623463363237616361366162623939
30363937636234643130393735653231396538613762393563663330653365636338356230366233
32663130363266386531306334613036626666336266306630303433336464663039636231336262
34623839363365623166643366353164633664616239613163626364663363633338653064633135
62343461333333643364313736366666383562373066373230356334646636303938643337363534
65396634386139323936663966373261613731633333323239643062396537393665663035326366
35386437393835383531353932393963663763356562386163633638323130323634653534333766
63376330343832663266363364643436636138626463396364366563633238643033326336656262
64353834663438393138353261336335346662336335613462613236386363616134303066323663
64373938353164646637373732643734366666363363623365636435393563396564616466646334
33303737313037373066373636346538616431333037633539653731353433613933346363666137
31623962353433316164373633323761636262316534393061376639663266663661633239323230
32333335343836386264376631363834346162303236393439643835666562363462336130336337
62616531663535396164653266633861633136346332346130303138646338326134353533343065
34366433393331626366333731306364646535643638646338383130363339623435333134313331
31653633373835663333653338313333633138633934326234646338653634653330356238346366
63326261623430333730626135623632656163623833643635643066666363313666323531636565
30653564643837393935326466643434326230356130393665343336363163316531653061316462
32323663376339333164303339333037666265646664323532646337653632363837373665306264
34643532386665623835336439383662626365316264366133666238643933633733356630353732
36366138366661356635666237316161663466313363303263323861363766356534333135396336
38383465323566663765323438356637626530373036643036396234616235643636346334653138
64393337626265393131343837366332303733636436323166343530396138353065643962363630
333532363535656166383935366165623531
